     59 99214
     55 99213
     21 99284
     14 T1015
     14 36415
     12 99285
     12 90837
     10 D0120
     10 99212
      9 D1110
      9 D0220
      9 99283
      9 96127
      9 92014
      8 D1120
      8 93005
      8 71045
      7 D0230
      7 99232
      7 92015
      7 87880
      7 80053
      6 D2392
      6 99392
      6 99204
      6 96372
      6 90832
      6 90460
      6 87804
      6 81025
      6 3074F
      5 D1351
      5 D0274
      5 D0272
      5 D0150
      5 99395
      5 99393
      5 99203
      5 97530
      5 97140
      5 97112
      5 97110
      5 96374
      5 93010
      5 90686
      5 71046
      4 H0031
      4 G0463
      4 D1206
      4 D0330
      4 D0210
      4 A0425
      4 99391
      4 92551
      4 92507
      4 90847
      4 90834
      4 90633
      4 90472
      4 82728
      4 81001
      4 80305
      4 80048
      4 77067
      4 73610
      4 3079F
      4 3078F
      4 1036F
      3 G8427
      3 E0431
      3 D7140
      3 D1208
      3 D0350
      3 D0145
      3 A4927
      3 A0429
      3 99442
      3 99394
      3 99309
      3 99233
      3 99223
      3 99215
      3 99211
      3 99173
      3 96375
      3 93306
      3 92567
      3 92004
      3 90853
      3 90471
      3 88305
      3 87591
      3 86901
      3 85610
      3 85025
      3 85018
      3 84520
      3 84484
      3 84403
      3 81002
      3 78815
      3 77063
      3 76816
      3 3008F
      2 V2784
      2 V2750
      2 V2020
      2 U0004
      2 U0003
      2 T4524
      2 T1019
      2 T1017
      2 S9083
      2 Q0091
      2 J2250
      2 J1100
      2 J0780
      2 J0696
      2 J0178
      2 H2019
      2 H2017
      2 H2010
      2 H0004
      2 G9744
      2 G0480
      2 G0279
      2 D2930
      2 D1999
      2 D0603
      2 A7030
      2 A4604
      2 A0427
      2 99499
      2 99490
      2 99441
      2 99310
      2 99308
      2 99282
      2 99220
      2 99188
      2 97803
      2 96361
      2 96160
      2 96110
      2 94640
      2 94010
      2 93296
      2 93000
      2 92508
      2 92134
      2 90960
      2 90792
      2 90734
      2 90670
      2 90461
      2 87811
      2 86140
      2 85652
      2 85651
      2 84460
      2 84443
      2 83735
      2 83721
      2 83036
      2 82565
      2 81003
      2 80307
      2 80076
      2 77065
      2 76705
      2 74177
      2 74176
      2 74018
      2 71250
      2 70551
      2 70498
      2 69210
      2 43239
      2 2000F
      2 1160F
      2 1159F
      2 00170
      1 Z7610
      1 Z7506
      1 Z7502
      1 Z4307
      1 V2200
      1 V2100
      1 U0005
      1 T4531
      1 T4526
      1 T2025
      1 T2022
      1 T2016
      1 T1027
      1 T1023
      1 T1018
      1 T1004
      1 T1002
      1 T1001
      1 S5199
      1 S5185
      1 S5150
      1 S5130
      1 S5125
      1 S5105
      1 S0621
      1 S0620
      1 S0302
      1 S0209
      1 Q9967
      1 Q4081
      1 P9604
      1 M1016
      1 L3908
      1 L3216
      1 K0195
      1 K0108
      1 J7620
      1 J7613
      1 J7120
      1 J3490
      1 J3301
      1 J3010
      1 J2704
      1 J2270
      1 J2001
      1 J1885
      1 J1439
      1 J1170
      1 J1050
      1 H2035
      1 H2016
      1 H2014
      1 H0046
      1 H0044
      1 H0043
      1 H0038
      1 H0036
      1 H0032
      1 H0019
      1 H0006
      1 H0005
      1 H0002
      1 G9920
      1 G9903
      1 G9637
      1 G9012
      1 G8907
      1 G8754
      1 G8510
      1 G8482
      1 G8420
      1 G2023
      1 G0483
      1 G0481
      1 G0470
      1 G0466
      1 G0378
      1 G0008
      1 E2377
      1 E0955
      1 E0601
      1 E0562
      1 E0466
      1 E0445
      1 E0442
      1 D9993
      1 D9420
      1 D9243
      1 D9230
      1 D8660
      1 D7240
      1 D4910
      1 D4355
      1 D2391
      1 D1330
      1 D0999
      1 D0240
      1 C1894
      1 B4034
      1 A7521
      1 A7039
      1 A7037
      1 A7034
      1 A7003
      1 A7002
      1 A6402
      1 A5500
      1 A4627
      1 A4402
      1 A4310
      1 A4259
      1 A0426
      1 A0382
      1 A0120
      1 A0100
      1 A0090
      1 99509
      1 99479
      1 99460
      1 99406
      1 99396
      1 99336
      1 99291
      1 99281
      1 99238
      1 99231
      1 99202
      1 99174
      1 99070
      1 99051
      1 99000
      1 98941
      1 97161
      1 97035
      1 97032
      1 97014
      1 97012
      1 96411
      1 96368
      1 96367
      1 96360
      1 96161
      1 96156
      1 96138
      1 95810
      1 95800
      1 95165
      1 95144
      1 94760
      1 94729
      1 93922
      1 93880
      1 93298
      1 93297
      1 93248
      1 93015
      1 92587
      1 92579
      1 92370
      1 92250
      1 92081
      1 90961
      1 90846
      1 90791
      1 90716
      1 90700
      1 90697
      1 90685
      1 90681
      1 90680
      1 90677
      1 90651
      1 90647
      1 90474
      1 90381
      1 88342
      1 88341
      1 88304
      1 88230
      1 87900
      1 87801
      1 87799
      1 87651
      1 87636
      1 87635
      1 87624
      1 87510
      1 87502
      1 87493
      1 87486
      1 87480
      1 87426
      1 87340
      1 87206
      1 87186
      1 87177
      1 87101
      1 87086
      1 87081
      1 87077
      1 87046
      1 86900
      1 86769
      1 86738
      1 86706
      1 86695
      1 86580
      1 86376
      1 86317
      1 85045
      1 85041
      1 85027
      1 84630
      1 84480
      1 84466
      1 84295
      1 84255
      1 84146
      1 83970
      1 83615
      1 83605
      1 83540
      1 83037
      1 82977
      1 82947
      1 82784
      1 82550
      1 82397
      1 82306
      1 82274
      1 82247
      1 82040
      1 81000
      1 80356
      1 80051
      1 77336
      1 76872
      1 76856
      1 76821
      1 76819
      1 76817
      1 76811
      1 76801
      1 76536
      1 76376
      1 74019
      1 73630
      1 73564
      1 73562
      1 73502
      1 73140
      1 73090
      1 73030
      1 72131
      1 72100
      1 72040
      1 70486
      1 70450
      1 68040
      1 67028
      1 66984
      1 59841
      1 46600
      1 43450
      1 42820
      1 4004F
      1 36416
      1 3351F
      1 31575
      1 3077F
      1 3075F
      1 3044F
      1 27096
      1 11750
      1 11721
      1 1170F
      1 1123F
      1 1111F
      1 11042
      1 1034F
      1 0502F
      1 0500F
      1 0450
      1 0240U
      1 00731
      1 00104
      1 0003A
